16
37
38
39
71
72
73
74
112
115
248
249
250
251
252
253
385
390
416
439
553
566
683
715
893
5790
5808
5852
5944
6164
6195
6309
6366
6408
6549
6579
6580
6631
6716
6798
6894
7129
7314
7315
7481
7557
7772
7823
8001
8057
8269
8333
8402
8486
8549
8799
8801
8904
9011
9015
9047
9115
9443
9530
9582
9598
9663
9851
9950
10032
10236
10350
10351
10613
10654
10693
10730
10733
10736
10738
10796
10797
10799
10823
10841
10842
10844
10863
10872
10874
10876
10880
10884
10886
10892
10897
10902
10914
10924
10931
10937
10939
10945
10948
10949
10951
10964
10974
10975
10977
10994
11004
11006
11008
11027
11062
11067
11078
11099
11115
11117
11121
11123
11125
11126
11133
11142
11180
11192
11212
11248
11269
11326
11331
11344
11364
11366
11370
11372
11376
11377
11387
11390
11393
11406
11408
11412
11419
11420
11429
11431
11432
11435
11437
11447
11448
11467
11471
11474
11495
11502
11504
11506
11509
11533
11552
11554
11556
11559
11567
11584
11587
11613
11618
11621
11648
11656
11671
11689
11691
11695
11696
11701
11730
11732
11734
11746
11752
11754
11757
11759
11761
11762
11763
11767
11779
11781
11804
11806
11813
11816
11826
11865
11873
11874
11880
11882
11884
11889
11893
11898
11927
11929
11931
11933
11935
11937
11942
11944
11945
11947
11949
11953
11960
11962
11968
11972
11976
12010
12011
12013
12017
12023
12024
12032
12037
12043
12044
12046
12048
12052
12062
12071
12073
12079
12086
12088
12090
12092
12101
12110
12112
12114
12122
12124
12126
12130
12132
12134
12136
12138
12139
12146
12147
12148
12201
12229
12245
12341
12368
12567
12570
12632
12658
12660
12672
12676
12707
12709
12712
12713
12719
12736
12743
12826
12827
12831
12880
12881
12890
12916
12979
13043
13072
13194
13261
13279
13310
13318
13335
13338
13393
13419
13433
13445
13489
13585
13608
13633
13675
13685
13691
13717
13730
13791
13832
13872
13898
13990
14021
14042
14059
14061
14111
14141
14143
14148
14161
14164
14166
14172
14179
14202
14209
14210
14212
14219
14235
14236
14252
14253
14260
14470
14548
14556
14590
14633
14645
14651
14662
14687
14696
14717
14750
14782
14872
14964
15041
15045
15081
15086
15125
15151
15186
15192
15206
15231
15246
15269
15279
15291
15392
15393
15464
15473
15512
15527
15556
15572
15600
15609
15618
15657
15681
15726
15743
15756
15758
15770
15782
15797
15828
15829
15879
15917
15947
15952
15968
15969
16005
16006
16030
16031
16069
16082
16084
16116
16120
16164
16177
16184
16211
16222
16228
16229
16263
16287
16291
16292
16295
16310
16320
16348
16367
16372
16393
16396
16427
16451
16470
16471
16480
16482
16493
16494
16495
16498
16545
16578
16597
16598
16602
16610
16627
16649
16650
16652
16654
16669
16677
16681
16688
16690
16704
16709
16712
16718
16720
16724
16737
16739
16742
16748
16751
16753
16756
16758
16760
16763
16764
16769
16771
16777
16781
16786
16797
16798
16804
16806
16811
16821
16836
16840
16856
16859
16861
16867
16869
16876
16878
16887
16889
16892
16893
16898
16900
16902
16915
16917
16921
16922
16924
16926
16928
16930
16932
16934
16935
16940
16942
16950
16964
16966
16968
16970
16976
16986
16988
16990
16998
17000
17002
17005
17007
17019
17040
17043
17044
17045
17048
17051
17065
17069
17071
17078
17090
17092
17093
17095
17100
17105
17107
17113
17116
17125
17145
17146
17150
17160
17172
17177
17183
17185
17189
17190
17197
17201
17225
17226
17231
17239
17244
17253
17256
17267
17269
17272
17276
17296
17298
17310
17312
17314
17317
17329
17338
17345
17349
17369
17382
17390
17391
17392
17393
17395
17397
17403
17412
17420
17423
17424
17425
17431
17446
17453
17454
17457
17458
17459
17464
17466
17470
17474
17482
17493
17502
17503
17504
17506
17510
17513
17514
17526
17528
17529
17532
17540
17548
17558
17559
17561
17563
17571
17582
17583
17586
17587
17588
17590
17594
17602
17604
17612
17613
17616
17617
17622
17623
17626
17628
17633
17637
17641
17643
17644
17646
17653
17655
17659
17660
17667
17668
17671
17672
17673
17679
17683
17694
17697
17698
17700
17701
17709
17711
17713
17716
17720
17731
17732
17737
17738
17740
17745
17754
17755
17756
17757
17760
17762
17765
17769
17774
17775
17776
17777
17781
17784
17786
17787
17788
17791
17796
17798
17800
17804
17805
17809
17815
17821
17829
17831
17841
17842
17845
17847
17849
17859
17865
17866
17868
17875
17885
17888
17890
17894
17895
17896
17908
17910
17913
17915
17919
17930
17932
17946
17962
17964
17966
17976
17977
17994
18007
18013
18017
18027
18033
18036
18056
18064
18067
18069
18071
18072
18075
18076
18089
18095
18106
18113
18124
18141
18149
18159
18165
18167
18169
18176
18177
18178
18189
18192
18195
18199
18201
18207
18210
18212
18214
18222
18223
18241
18246
18253
18284
18311
18320
18327
18335
18336
18340
18344
18348
18358
18373
18388
18394
18397
18406
18407
18413
18414
18420
18423
18434
18438
18443
18445
18463
18469
18471
18479
18482
18484
18486
18490
18500
18502
18506
18507
18509
18512
18513
18515
18516
18518
18521
18536
18537
18539
18544
18547
18554
18556
18558
18565
18569
18575
18585
18586
18589
18591
18602
18608
18611
18614
18618
18620
18623
18627
18628
18633
18639
18642
18646
18648
18655
18661
18663
18665
18669
18673
18680
18681
18683
18687
18699
18708
18709
18710
18716
18720
18723
18724
18730
18731
18735
18736
18744
18745
18748
18749
18752
18754
18755
18758
18760
18761
18764
18766
18768
18769
18771
18777
18779
18780
18781
18783
18788
18794
18799
18801
18803
18804
18806
18808
18810
18817
18818
18820
18822
18823
18825
18826
18828
18831
18834
18840
18844
18845
18850
18852
18853
18868
18872
18894
18896
18901
18902
18903
18904
18906
18909
18914
18915
18920
18925
18926
18945
18948
18951
18959
18961
18975
18977
18978
18979
18980
18981
18985
18989
18992
18993
18994
18997
18999
19000
19007
19011
19019
19023
19024
19025
19027
19038
19046
19047
19053
19066
19068
19070
19071
19072
19073
19075
19081
19084
19086
19088
19090
19092
19094
19095
19097
19107
19117
19118
19119
19121
19136
19138
19146
19173
19175
19179
19182
19184
19189
19195
19200
19201
19210
19212
19213
19215
19219
19226
19227
19230
19232
19233
19236
19237
19243
19244
19247
19252
19257
19261
19264
19266
19271
19273
19275
19283
19285
19288
19290
19295
19303
19305
19306
19317
19327
19334
19342
19344
19351
19356
19358
19367
19369
19373
19379
19380
19386
19400
19402
19406
19407
19408
19410
19422
19430
19431
19432
19445
19459
19460
19462
19465
19469
19470
19473
19475
19477
19479
19485
19491
19496
19500
19507
19509
19512
19513
19522
19529
19531
19533
19542
19544
19545
19546
19561
19562
19563
19565
19570
19579
19590
19594
19597
19601
19603
19604
19606
19607
19608
19611
19624
19626
19632
19633
19640
19656
19658
19660
19662
19663
19664
19665
19667
19678
19679
19681
19682
19686
19687
19698
19720
19734
19745
19756
19757
19759
19772
19797
19798
19806
19813
19818
19819
19820
19821
19829
19843
19845
19850
19853
19856
19857
19870
19871
19873
19874
19876
19878
19891
19892
19893
19902
19905
19909
19910
19915
19916
19918
19925
19926
19933
19934
19941
19943
19945
19953
19958
19961
19963
19966
19968
19969
19971
19978
19982
19985
19987
19989
19991
20000
20001
20005
20006
20011
20012
20021
20024
20025
20038
20041
20043
20050
20054
20055
20064
20066
20067
20071
20072
20075
20077
20083
20088
20106
20119
20122
20125
20126
20129
20130
20147
20152
20153
20155
20170
20192
20193
20195
20203
20205
20208
20210
20212
20213
20220
20221
20224
20226
20229
20235
20239
20244
20245
20247
20254
20255
20261
20269
20273
20275
20282
20283
20289
20294
20296
20301
20302
20304
20310
20311
20315
20322
20323
20324
20325
20329
20332
20338
20339
20340
20345
20348
20353
20354
20355
20357
20361
20365
20366
20374
20381
20388
20395
20397
20404
20405
20406
20409
20414
20415
20418
20419
20433
20435
20436
20445
20450
20456
20457
20460
20467
20469
20475
20478
20479
20480
20487
20490
20492
20497
20505
20514
20518
20524
20535
20537
20542
20543
20551
20555
20560
20561
20565
20571
20577
20579
20584
20587
20589
20591
20594
20596
20598
20610
20611
20615
20623
20650
20663
20664
20748
20771
20779
20780
20781
20792
20794
20812
20872
20896
20903
20904
20918
20923
20938
20959
20971
20974
20975
20982
20984
21008
21013
21019
21037
21041
21052
21074
21083
21085
21091
21100
21101
21121
21122
21126
21127
21130
21141
21161
21176
21177
21178
21182
21183
21185
21187
21193
21196
21198
21199
21200
21201
21208
21214
21233
21234
21239
21249
21254
21262
21270
21277
21287
21290
21296
21297
21304
21306
21322
21328
21329
21339
21357
21359
21364
21366
21367
21370
21371
21381
21383
21393
21396
21407
21409
21415
21417
21418
21419
21420
21423
21426
21427
21433
21457
21467
21473
21477
21492
21493
21494
21495
21496
21520
21527
21538
21542
21557
21563
21575
21577
21578
21579
21580
21581
21583
21586
21594
21598
21600
21603
21617
21623
21627
21638
21651
21653
21655
21661
21663
21664
21666
21678
21680
21683
21685
21687
21692
21694
21710
21718
21719
21720
21724
21729
21731
21733
21735
21738
21740
21745
21748
21765
21767
21768
21792
21813
21817
21820
21834
21839
21842
21844
21867
21888
21890
21891
21894
21895
21896
21906
21907
21909
21911
21913
21922
21923
21928
21929
21930
21932
21939
21944
21948
21949
21955
21957
21958
21959
21962
21977
21982
21993
22001
22003
22006
22012
22015
22016
22020
22021
22025
22030
22032
22036
22039
22042
22044
22045
22046
22047
22048
22053
22055
22056
22069
22070
22082
22083
22084
22086
22088
22090
22093
22103
22106
22108
22137
22138
22144
22149
22200
22207
22208
22210
22212
22228
22229
22231
22235
22238
22272
22295
22324
22361
22373
22397
22405
22424
22426
22427
22436
22461
22499
22500
22507
22515
22519
22521
22544
22581
22582
22595
22606
22608
22619
22643
22658
22660
22678
22687
22690
22692
22693
22694
22704
22706
22719
22731
22747
22761
22762
22784
22797
22799
22810
22826
22863
22867
22887
22888
22933
22940
22954
22959
22961
22978
22988
22990
23021
23028
23052
23053
23055
23056
23068
23079
23083
23086
23124
23129
23130
23138
23170
23205
23213
23231
23234
23270
23275
23276
23292
23308
23315
23323
23372
23382
23402
23415
23471
23472
23492
23521
23528
23529
23530
23563
23578
23581
23584
23593
23594
23603
23611
23616
23618
23620
23632
23635
23637
23668
23679
23685
23722
23727
23729
23734
23739
23749
23753
23763
23775
23777
23803
23804
23809
23819
23828
23855
23859
23861
23864
23868
23877
23887
23892
23894
23908
23925
23926
23927
23933
23946
23947
23948
23951
23978
23980
23996
24004
24005
24089
24095
24096
24101
24154
24159
24205
24238
24253
24254
24255
24256
24276
24281
24283
24318
24322
24327
24356
24359
24360
24372
24373
24431
24440
24475
24481
24484
24490
24491
24543
24581
24587
24607
24617
24647
24662
24669
24693
24707
24768
24808
24864
24908
24925
24926
24937
24959
24968
24992
24994
25008
25066
25091
25133
25135
25173
25177
25180
25184
25191
25193
25209
25218
25247
25249
25250
25252
25254
25256
25263
25265
25267
25301
25317
25321
25352
25372
25373
25377
25385
25394
25395
25399
25416
25434
25439
25459
25462
25465
25473
25496
25511
25519
25549
25558
25559
25568
25576
25585
25595
25606
25610
25613
25636
25642
25645
25704
25728
25737
25760
25761
25767
25770
25839
25859
25860
25870
25871
25889
25896
25900
25905
25909
25914
25979
25980
25991
26033
26053
26068
26069
26096
26118
26176
26200
26215
26230
26236
26238
26272
26274
26297
26315
26324
26350
26442
26443
26522
26533
26638
26761
26790
26890
26918
27016
27067
27077
27145
27164
27271
27273
27289
27350
27356
27459
27564
27608
27609
27610
27716
27801
27824
27833
27836
27868
27936
27937
28058
28111
28114
28189
28211
28236
28401
28596
28680
28740
28806
28813
28824
28825
28889
28902
28908
28925
29005
29007
29237
29384
29454
29481
29517
29518
29533
29546
29547
29590
29632
29645
29697
29713
29731
29732
29735
29736
29749
29753
29780
29787
29898
29905
29909
29913
29914
29915
29921
29942
30094
30105
30134
30136
30178
30195
30249
30289
30341
30342
30364
30374
30402
30403
30435
30460
30478
30517
30531
30628
30724
30795
30819
30820
30915
30968
30969
30970
31008
31011
31012
31049
31087
31088
31097
31149
31175
31176
31181
31188
31291
31294
31296
31337
31347
31359
31432
31510
31532
31542
31625
31637
31657
31686
31703
31919
31929
31994
32109
32110
32130
32134
32212
32218
32226
32237
32244
32250
32255
32264
32293
32296
32300
32390
32496
32504
32522
32678
32685
32710
32716
32877
32930
33236
33260
33405
33684
33687
33689
33727
33731
34055
34320
34783
35222
35289
